176870
5284616
5329102
10461815
462382
36314
442972
11676786
216239
5494449
5291
16038120
11496366
10302451
76044
16760646
3062316
5311510
644215
24825971
9549184
11844351
49821040
11364421
10390396
20635522
4993
49836027
10172943
15983966
4261
5420805
11626927
9907093
387447
46844147
160355
5717801
208908
16095342
31703
36462
60750
5746
60780
5459322
2375
24202429
9956119
24826799
44137675
11713159
560326
3005532
10027278
5208
16218954
3218
3463933
6851947
521106
25022668
16760671
446378
16727411
24785538
11640390
82146
5460769
54676905
10096043
5280757
10113978
6445533
448013
25124816
159324
11422035
65110
104842
6710780
84691
6253
148124
126941
444795
123631
24978538
5311
644241
44182295
6918454
6918289
23725625
11960529
5328940
216326
6450551
126565
6505803
10341154
11667893
5278396
10184653
24776445
24180719
10077147
11327430
156422
11624601
10384072
11433190
1401
9914412
44450571
5330286
17755052
9826528
11316960
10127622
46883536
11609586
11455910
9931953
